0 976374 1887272
1 976446 1876137
2 976482 1873434
3 976608 1870818
4 976672 1869961
5 976690 1865509
6 976726 1862806
7 976859 1861068
8 976916 1859333
9 976999 1859048
10 977015 1852698
11 977051 1849995
12 977184 1848257
13 977188 1847686
14 977224 1844983
15 977350 1842367
16 977414 1841510
17 977432 1837058
18 977468 1834355
19 977601 1832617
20 977658 1830882
21 977741 1830597
22 977757 1824247
23 977793 1821544
24 977926 1819806
25 977983 1818071
26 978066 1817786
27 978108 1816997
28 978116 1816333
29 978199 1816048
30 978234 1814381
31 978247 1807619
32 978283 1804916
33 978409 1802300
34 978473 1801443
35 978491 1796991
36 978527 1794288
37 978660 1792550
38 978717 1790815
39 978800 1790530
40 978816 1784180
41 978852 1781477
42 978985 1779739
43 978989 1779168
44 979025 1776465
45 979151 1773849
46 979215 1772992
47 979233 1768540
48 979269 1765837
49 979402 1764099
50 979459 1762364
51 979542 1762079
52 979558 1755729
53 979594 1753026
54 979727 1751288
55 979784 1749553
56 979867 1749268
57 979917 1747815
58 980000 1747530
59 980057 1745795
60 980185 1744814
61 980190 1744057
62 980318 1743076
63 980350 1742549
64 980375 1741341
65 980458 1741056
66 980483 1740811
67 980508 1739603
68 980540 1739076
69 980623 1738791
70 980648 1737583
71 980673 1737338
72 980756 1737053
73 980781 1735845
74 980813 1735318
75 980941 1734337
76 980946 1733580
77 981074 1732599
78 981131 1730864
79 981214 1730579
80 981264 1729126
81 981333 1728190
82 981404 1727106
83 981466 1726452
84 981537 1725368
85 981584 1724500
86 981606 1724432
87 981648 1723643
88 981666 1719191
89 981702 1716488
90 981832 1716210
91 981835 1714750
92 981892 1713015
93 981975 1712730
94 981991 1706380
95 982027 1703677
96 982160 1701939
97 982217 1700204
98 982300 1699919
99 982339 1689287
100 982375 1686584
101 982501 1683968
102 982565 1683111
103 982583 1678659
104 982619 1675956
105 982752 1674218
106 982809 1672483
107 982892 1672198
108 982908 1665848
109 982944 1663145
110 983077 1661407
111 983134 1659672
112 983217 1659387
113 983267 1657934
114 983350 1657649
115 983407 1655914
116 983535 1654933
117 983540 1654176
118 983668 1653195
119 983700 1652668
120 983725 1651460
121 983808 1651175
122 983833 1650930
123 983858 1649722
124 983890 1649195
125 983973 1648910
126 983998 1647702
127 984023 1647457
128 984106 1647172
129 984131 1645964
130 984163 1645437
131 984291 1644456
132 984296 1643699
133 984424 1642718
134 984481 1640983
135 984564 1640698
136 984614 1639245
137 984697 1638960
138 984754 1637225
139 984887 1635487
140 985057 1635474
141 985082 1634266
142 985114 1633739
143 985242 1632758
144 985247 1632001
145 985375 1631020
146 985432 1629285
147 985515 1629000
148 985565 1627547
149 985648 1627262
150 985705 1625527
151 985838 1623789
152 986166 1622135
153 986367 1621726
154 986695 1620072
155 987170 1619823
156 987646 1619548
157 987661 1619517
158 987694 1619070
159 987701 1618291
160 987788 1618074
161 987794 1617779
162 987827 1617332
163 987834 1616553
164 988021 1616031
165 988137 1615405
166 988149 1615050
167 988154 1614293
168 988282 1613312
169 988322 1612689
170 988339 1611577
171 988422 1611292
172 988455 1610951
173 988472 1609839
174 988555 1609554
175 988595 1608931
176 988612 1607819
177 988728 1607193
178 988745 1606081
179 989056 1605539
180 989073 1604427
181 989274 1604018
182 989490 1603941
183 989585 1603476
184 989602 1602364
185 989832 1601819
186 990010 1601611
187 990124 1601506
188 990160 1600165
189 990338 1599957
190 990361 1599756
191 990539 1599548
192 990653 1599443
193 990689 1598102
194 990867 1597894
195 991044 1597697
196 991069 1597191
197 991172 1596716
198 991229 1594981
199 991312 1594696
200 991362 1593243
201 991445 1592958
202 991502 1591223
203 991635 1589485
204 991963 1587831
205 992164 1587422
206 992340 1586761
207 992397 1586233
208 992492 1585768
209 992703 1585452
210 992739 1584111
211 992917 1583903
212 993031 1583798
213 993067 1582457
214 993245 1582249
215 993268 1582048
216 993446 1581840
217 993560 1581735
218 993596 1580394
219 993774 1580186
220 994071 1580145
221 994249 1579937
222 994364 1579196
223 994455 1579084
224 994565 1578787
225 994875 1578216
226 994893 1577133
227 995260 1577060
228 995293 1576719
229 995310 1575607
230 995393 1575322
231 995433 1574699
232 995450 1573587
233 995566 1572961
234 995583 1571849
235 995894 1571307
236 995911 1570195
237 996112 1569786
238 996328 1569709
239 996423 1569244
240 996440 1568132
241 996670 1567587
242 996848 1567379
243 996962 1567274
244 996998 1565933
245 997176 1565725
246 997199 1565524
247 997377 1565316
248 997491 1565211
249 997527 1563870
250 997705 1563662
251 997882 1563465
252 997907 1562959
253 998010 1562484
254 998067 1560749
255 998150 1560464
256 998200 1559011
257 998283 1558726
258 998340 1556991
259 998473 1555253
260 998801 1553599
261 999002 1553190
262 999178 1552529
263 999235 1552001
264 999330 1551536
265 999541 1551220
266 999577 1549879
267 999755 1549671
268 999869 1549566
269 999905 1548225
270 1000083 1548017
271 1000106 1547816
272 1000284 1547608
273 1000398 1547503
274 1000434 1546162
275 1000612 1545954
276 1000909 1545913
277 1001087 1545705
278 1001202 1544964
279 1001293 1544852
280 1001403 1544555
281 1001731 1542901
282 1002206 1542652
283 1002463 1541981
284 1002641 1541773
285 1002765 1541346
286 1002943 1541138
287 1003231 1540783
288 1003322 1540671
289 1003432 1540374
290 1003533 1540148
291 1003624 1540036
292 1003734 1539739
293 1003760 1538720
294 1004062 1538085
295 1004537 1537836
296 1004794 1537165
297 1004972 1536957
298 1005261 1536478
299 1005417 1535979
300 1005562 1535967
301 1005627 1535134
302 1005677 1534919
303 1005790 1534415
304 1005990 1534205
305 1006091 1533904
306 1006206 1532856
307 1006318 1532551
308 1006519 1532142
309 1006585 1531862
310 1006785 1531618
311 1006847 1530488
312 1006913 1530208
313 1007114 1529799
314 1007334 1529671
315 1007442 1528145
316 1007662 1528017
317 1007917 1527896
318 1008137 1527768
319 1008169 1526839
320 1008280 1526113
321 1008302 1525101
322 1008358 1524910
323 1008469 1524184
324 1008491 1523172
325 1008701 1522327
326 1008819 1521518
327 1009020 1521109
328 1009029 1520673
329 1009192 1519954
330 1009348 1519455
331 1009558 1518610
332 1009608 1518395
333 1009721 1517891
334 1009921 1517681
335 1010119 1517436
336 1010137 1516332
337 1010249 1516027
338 1010450 1515618
339 1010516 1515338
340 1010682 1513059
341 1010815 1511321
342 1011035 1511193
343 1011054 1510143
344 1011076 1509131
345 1011187 1508405
346 1011209 1507393
347 1011265 1507202
348 1011376 1506476
349 1011398 1505464
350 1011608 1504619
351 1011726 1503810
352 1011927 1503401
353 1011936 1502965
354 1012099 1502246
355 1012255 1501747
356 1012465 1500902
357 1012515 1500687
358 1012628 1500183
359 1012828 1499973
360 1013026 1499728
361 1013044 1498624
362 1013156 1498319
363 1013357 1497910
364 1013410 1497473
365 1013606 1497198
366 1013620 1496628
367 1013685 1496256
368 1013738 1495819
369 1013806 1495680
370 1013810 1494714
371 1013828 1494668
372 1013832 1493702
373 1013846 1492011
374 1013868 1490999
375 1013979 1490273
376 1014001 1489261
377 1014211 1488416
378 1014329 1487607
379 1014530 1487198
380 1014539 1486762
381 1014689 1486260
382 1014702 1486043
383 1014858 1485544
384 1014899 1485415
385 1015062 1484696
386 1015118 1484484
387 1015218 1484197
388 1015231 1483980
389 1015428 1483352
390 1015478 1483137
391 1015569 1482329
392 1015592 1482148
393 1015680 1481603
394 1015702 1480591
395 1015725 1480410
396 1015912 1479746
397 1015935 1479565
398 1016030 1478937
399 1016053 1478756
400 1016231 1478528
401 1016240 1478092
402 1016263 1477911
403 1016403 1477373
404 1016426 1477192
405 1016559 1476874
406 1016582 1476693
407 1016739 1475994
408 1016753 1474303
409 1016775 1473291
410 1016886 1472565
411 1016908 1471553
412 1017118 1470708
413 1017236 1469899
414 1017437 1469490
415 1017446 1469054
416 1017596 1468552
417 1017609 1468335
418 1017765 1467836
419 1017806 1467707
420 1017969 1466988
421 1018025 1466776
422 1018125 1466489
423 1018138 1466272
424 1018335 1465644
425 1018385 1465429
426 1018476 1464621
427 1018499 1464440
428 1018587 1463895
429 1018609 1462883
430 1018632 1462702
431 1018819 1462038
432 1018842 1461857
433 1018937 1461229
434 1018960 1461048
435 1019138 1460820
436 1019147 1460384
437 1019170 1460203
438 1019310 1459665
439 1019333 1459484
440 1019466 1459166
441 1019489 1458985
442 1019676 1458321
443 1019699 1458140
444 1019726 1458106
445 1019749 1457925
446 1019839 1457602
447 1019862 1457421
448 1020039 1457392
449 1020062 1457211
450 1020237 1457147
451 1020255 1456043
452 1020278 1455862
453 1020367 1455738
454 1020390 1455557
455 1020568 1455329
456 1020591 1455148
457 1020634 1455049
458 1020657 1454868
459 1020834 1454805
460 1020857 1454624
461 1020896 1453675
462 1020919 1453494
463 1020962 1453395
464 1020985 1453214
465 1021163 1452986
466 1021186 1452805
467 1021377 1452530
468 1021491 1451332
469 1021514 1451151
470 1021734 1451023
471 1021900 1450464
472 1021956 1450252
473 1022056 1449965
474 1022069 1449748
475 1022266 1449120
476 1022316 1448905
477 1022407 1448097
478 1022430 1447916
479 1022518 1447371
480 1022540 1446359
481 1022563 1446178
482 1022750 1445514
483 1022773 1445333
484 1022868 1444705
485 1022891 1444524
486 1023069 1444296
487 1023078 1443860
488 1023101 1443679
489 1023241 1443141
490 1023264 1442960
491 1023397 1442642
492 1023420 1442461
493 1023591 1440071
494 1023613 1439059
495 1023724 1438333
496 1023746 1437321
497 1023956 1436476
498 1024074 1435667
499 1024275 1435258
500 1024284 1434822
501 1024434 1434320
502 1024447 1434103
503 1024603 1433604
504 1024644 1433475
505 1024807 1432756
506 1024863 1432544
507 1024963 1432257
508 1024976 1432040
509 1025173 1431412
510 1025223 1431197
511 1025314 1430389
512 1025337 1430208
513 1025425 1429663
514 1025447 1428651
515 1025470 1428470
516 1025657 1427806
517 1025680 1427625
518 1025775 1426997
519 1025798 1426816
520 1025976 1426588
521 1025985 1426152
522 1026008 1425971
523 1026148 1425433
524 1026171 1425252
525 1026304 1424934
526 1026327 1424753
527 1026514 1424089
528 1026537 1423908
529 1026564 1423874
530 1026587 1423693
531 1026677 1423370
532 1026700 1423189
533 1026877 1423160
534 1026900 1422979
535 1027075 1422915
536 1027093 1421811
537 1027116 1421630
538 1027205 1421506
539 1027228 1421325
540 1027406 1421097
541 1027429 1420916
542 1027472 1420817
543 1027495 1420636
544 1027672 1420573
545 1027695 1420392
546 1027734 1419443
547 1027757 1419262
548 1027800 1419163
549 1027823 1418982
550 1028001 1418754
551 1028024 1418573
552 1028244 1418445
553 1028329 1417100
554 1028352 1416919
555 1028572 1416791
556 1028827 1416670
557 1029047 1416542
558 1029524 1416455
559 1029556 1415735
560 1029579 1415554
561 1029763 1415262
562 1029786 1415081
563 1029829 1414982
564 1029852 1414801
565 1030030 1414573
566 1030053 1414392
567 1030273 1414264
568 1030358 1412919
569 1030381 1412738
570 1030601 1412610
571 1031585 1411554
572 1031608 1411373
573 1031828 1411245
574 1032000 1411210
575 1032023 1411029
576 1032243 1410901
577 1033227 1409845
578 1033250 1409664
579 1033470 1409536
580 1034281 1409380
581 1034304 1409199
582 1034524 1409071
583 1035508 1408015
584 1035531 1407834
585 1035751 1407706
586 1035923 1407671
587 1035946 1407490
588 1036166 1407362
589 1036237 1406891
590 1036268 1406277
591 1036318 1405693
592 1036379 1405551
593 1036401 1404539
594 1036498 1402183
595 1036524 1399216
596 1036534 1398969
597 1036560 1396002
598 1036606 1395808
599 1036693 1394264
600 1036739 1394070
601 1037021 1392610
602 1037067 1392416
603 1037194 1391889
604 1037522 1390235
605 1037723 1389826
606 1038051 1388172
607 1038652 1387683
608 1039034 1387066
609 1039057 1386885
610 1039244 1386221
611 1039267 1386040
612 1039362 1385412
613 1039385 1385231
614 1039563 1385003
615 1039572 1384567
616 1039595 1384386
617 1039735 1383848
618 1039758 1383667
619 1039891 1383349
620 1039914 1383168
621 1040101 1382504
622 1040124 1382323
623 1040151 1382289
624 1040174 1382108
625 1040264 1381785
626 1040287 1381604
627 1040298 1380898
628 1040431 1379160
629 1040759 1377506
630 1040960 1377097
631 1041203 1376860
632 1041288 1375443
633 1041531 1375206
634 1041732 1374797
635 1041837 1373888
636 1042060 1373143
637 1042535 1372894
638 1043232 1372679
639 1043251 1370046
640 1043384 1368308
641 1043510 1367595
642 1043546 1364381
643 1043679 1362643
644 1043903 1361817
645 1044007 1360989
646 1044036 1360079
647 1044314 1359648
648 1044364 1358425
649 1044433 1358376
650 1044565 1358016
651 1044566 1356638
652 1044844 1356207
653 1044894 1354984
654 1044971 1354566
655 1045007 1351352
656 1045131 1348011
657 1045167 1344797
658 1045300 1343059
659 1045426 1342346
660 1045462 1339132
661 1045595 1337394
662 1045819 1336568
663 1045923 1335740
664 1045952 1334830
665 1046280 1333176
666 1046349 1333127
667 1046481 1332767
668 1046482 1331389
669 1046809 1331113
670 1046810 1329735
671 1047011 1329326
672 1047254 1329089
673 1047285 1328527
674 1047339 1327672
675 1047409 1325186
676 1047445 1321972
677 1047578 1320234
678 1047906 1318580
679 1048107 1318171
680 1048266 1317233
681 1048435 1316517
682 1048678 1316280
683 1048795 1315170
684 1048984 1314962
685 1049038 1314933
686 1049146 1313302
687 1049169 1313121
688 1049279 1311564
689 1049302 1311383
690 1049607 1309910
691 1049630 1309729
692 1049808 1309501
693 1049831 1309320
694 1050051 1309264
695 1050074 1309083
696 1050136 1307847
697 1050159 1307666
698 1050379 1307610
699 1050402 1307429
700 1050580 1307201
701 1050603 1307020
702 1050685 1306292
703 1050708 1306111
704 1050908 1305547
705 1050931 1305366
706 1051383 1305298
707 1051406 1305117
708 1052080 1305083
709 1052103 1304902
710 1052165 1303666
711 1052188 1303485
712 1052408 1303429
713 1052431 1303248
714 1052609 1303020
715 1052632 1302839
716 1052714 1302111
717 1052737 1301930
718 1052937 1301366
719 1052960 1301185
720 1054274 1301130
721 1054356 1300402
722 1054379 1300221
723 1054579 1299657
724 1054602 1299476
725 1056555 1299300
726 1056637 1298572
727 1056660 1298391
728 1056860 1297827
729 1056883 1297646
730 1058197 1297591
731 1058279 1296863
732 1058302 1296682
733 1058502 1296118
734 1058525 1295937
735 1058987 1295924
736 1060301 1295869
737 1060606 1294396
738 1060629 1294215
739 1062582 1294039
740 1062887 1292566
741 1062910 1292385
742 1064224 1292330
743 1064529 1290857
744 1064552 1290676
745 1070293 1290597
746 1070389 1289876
747 1070412 1289695
748 1070455 1289456
749 1070478 1289275
750 1070957 1289246
751 1070980 1289065
752 1071654 1289031
753 1071677 1288850
754 1071705 1288734
755 1071797 1288699
756 1071820 1288518
757 1071848 1288402
758 1071889 1287758
759 1071912 1287577
760 1071940 1287461
761 1071982 1287377
762 1072005 1287196
763 1072033 1287080
764 1072183 1286968
765 1072206 1286787
766 1072326 1286636
767 1072349 1286455
768 1072418 1285695
769 1072441 1285514
770 1072511 1285314
771 1072534 1285133
772 1073848 1285078
773 1073968 1284927
774 1073991 1284746
775 1074060 1283986
776 1074083 1283805
777 1074153 1283605
778 1074176 1283424
779 1076129 1283248
780 1076249 1283097
781 1076272 1282916
782 1076341 1282156
783 1076364 1281975
784 1076434 1281775
785 1076457 1281594
786 1077771 1281539
787 1077891 1281388
788 1077914 1281207
789 1077983 1280447
790 1078006 1280266
791 1078076 1280066
792 1078099 1279885
793 1098416 1278850
794 1098439 1278669
795 1098613 1278633
796 1098636 1278452
797 1098996 1278197
798 1099000 1277073
799 1099023 1276892
800 1100278 1276743
801 1100638 1276488
802 1100642 1275364
803 1100665 1275183
804 1102362 1275130
805 1102536 1275094
806 1102559 1274913
807 1102919 1274658
808 1102923 1273534
809 1102946 1273353
810 1104201 1273204
811 1104561 1272949
812 1104565 1271825
813 1104588 1271644
0 668291 1234769
1 668301 1233747
2 668333 1233411
3 668386 1233376
4 668433 1232473
5 668443 1231451
6 668475 1231115
7 668528 1231080
8 668562 1231034
9 668615 1230999
10 668962 1230410
11 668972 1229388
12 669004 1229052
13 669033 1206318
14 669043 1205296
15 669075 1204960
16 669128 1204925
17 669175 1204022
18 669185 1203000
19 669217 1202664
20 669270 1202629
21 669304 1202583
22 669357 1202548
23 669685 1092131
24 669695 1091109
25 669727 1090773
26 670013 1090477
27 670023 1089455
28 670055 1089119
29 670224 1089046
30 670256 1088710
31 670542 1088414
32 670552 1087392
33 670584 1087056
34 670887 1086873
35 670993 1086318
36 671025 1085982
37 671183 1085555
38 671215 1085219
39 671321 1084664
40 671353 1084328
41 671522 1084255
42 671554 1083919
43 671712 1083492
44 671744 1083156
45 671850 1082601
46 671882 1082265
47 672185 1082082
48 672471 1081786
49 672481 1080764
50 672513 1080428
51 672682 1080355
52 672714 1080019
53 673000 1079723
54 673010 1078701
55 673042 1078365
56 673645 1075073
57 673655 1074051
58 673687 1073715
59 673973 1073419
60 673983 1072397
61 674015 1072061
62 674039 1071409
63 674049 1070387
64 674081 1070051
65 674367 1069755
66 674377 1068733
67 674409 1068397
68 674578 1068324
69 674610 1067988
70 674896 1067692
71 674906 1066670
72 674938 1066334
73 677886 1065860
74 677918 1065524
75 678087 1065451
76 678119 1065115
77 678405 1064819
78 678415 1063797
79 678447 1063461
80 678994 1063358
81 679055 1063338
82 679341 1063042
83 679351 1062020
84 679383 1061684
85 679552 1061611
86 679584 1061275
87 679870 1060979
88 679880 1059957
89 679912 1059621
90 680414 1042864
91 680424 1041842
92 680456 1041506
93 680742 1041210
94 680752 1040188
95 680784 1039852
96 680953 1039779
97 680985 1039443
98 681259 1039400
99 681271 1039147
100 681281 1038125
101 681313 1037789
102 681756 1037673
103 681788 1037337
104 681970 1037220
105 682002 1036884
106 682253 1036828
107 682290 1036806
108 682293 1036276
109 682314 1036154
110 682324 1035132
111 682356 1034796
112 682538 1034679
113 682570 1034343
114 682652 1033478
115 682684 1033142
116 682853 1033069
117 682866 1033025
118 682885 1032733
119 682898 1032689
120 683067 1032616
121 683099 1032280
122 683181 1031415
123 683213 1031079
124 683395 1030962
125 683427 1030626
126 686161 1030605
127 686193 1030269
128 686362 1030196
129 686375 1030152
130 686394 1029860
131 686407 1029816
132 686576 1029743
133 686608 1029407
134 686690 1028542
135 686706 1015372
136 686716 1014350
137 686737 1014228
138 686742 1012158
139 686752 1011136
140 686773 1011014
141 686783 1009992
142 686997 1009539
143 687080 1009482
144 687101 1009360
145 687111 1008338
146 687312 1007929
147 687325 1007885
148 687526 1007476
149 687609 1007419
150 687630 1007297
151 687640 1006275
152 687854 1005822
153 688851 1005475
154 689027 1004933
155 689059 1004597
156 689228 1004524
157 689241 1004480
158 689260 1004188
159 689273 1004144
160 689331 1004015
161 689380 1003412
162 689556 1002870
163 689588 1002534
164 689770 1002417
165 689802 1002081
166 691602 1001908
167 691661 1001345
168 691875 1000892
169 692082 1000448
170 692131 999845
171 692345 999392
172 692828 999109
173 693087 952112
174 693097 951090
175 693103 934728
176 693113 933706
177 693134 933584
178 693144 932562
179 693176 932226
180 693358 932109
181 693390 931773
182 693472 930908
183 693504 930572
184 693673 930499
185 693686 930455
186 693705 930163
187 693718 930119
188 693887 930046
189 693919 929710
190 694001 928845
191 694033 928509
192 694215 928392
193 694247 928056
194 695212 928045
195 695244 927709
196 695413 927636
197 695426 927592
198 695445 927300
199 695458 927256
200 695627 927183
201 695659 926847
202 695692 926585
203 695724 926249
204 695741 925982
205 695773 925646
206 695955 925529
207 695987 925193
208 697756 925183
209 698303 925080
210 698364 925060
211 698446 924195
212 698478 923859
213 698647 923786
214 698660 923742
215 698679 923450
216 698692 923406
217 698861 923333
218 698893 922997
219 698975 922132
220 699007 921796
221 699189 921679
222 699221 921343
223 700186 921332
224 700218 920996
225 700387 920923
226 700400 920879
227 700419 920587
228 700432 920543
229 700601 920470
230 700633 920134
231 700666 919872
232 700698 919536
233 700715 919269
234 700747 918933
235 700929 918816
236 700961 918480
237 738753 918412
238 738785 918076
239 738954 918003
240 738967 917959
241 738986 917667
242 738999 917623
243 739168 917550
244 739200 917214
245 739282 916349
246 739314 916013
247 739496 915896
248 739528 915560
0 976374 1887272
1 976446 1876137
2 976482 1873434
3 976608 1870818
4 976672 1869961
5 976690 1865509
6 976726 1862806
7 976859 1861068
8 976916 1859333
9 976999 1859048
10 977015 1852698
11 977051 1849995
12 977184 1848257
13 977188 1847686
14 977224 1844983
15 977350 1842367
16 977414 1841510
17 977432 1837058
18 977468 1834355
19 977601 1832617
20 977658 1830882
21 977741 1830597
22 977757 1824247
23 977793 1821544
24 977926 1819806
25 977983 1818071
26 978066 1817786
27 978108 1816997
28 978116 1816333
29 978199 1816048
30 978234 1814381
31 978247 1807619
32 978283 1804916
33 978409 1802300
34 978473 1801443
35 978491 1796991
36 978527 1794288
37 978660 1792550
38 978717 1790815
39 978800 1790530
40 978816 1784180
41 978852 1781477
42 978985 1779739
43 978989 1779168
44 979025 1776465
45 979151 1773849
46 979215 1772992
47 979233 1768540
48 979269 1765837
49 979402 1764099
50 979459 1762364
51 979542 1762079
52 979558 1755729
53 979594 1753026
54 979727 1751288
55 979784 1749553
56 979867 1749268
57 979917 1747815
58 980000 1747530
59 980057 1745795
60 980185 1744814
61 980190 1744057
62 980318 1743076
63 980350 1742549
64 980375 1741341
65 980458 1741056
66 980483 1740811
67 980508 1739603
68 980540 1739076
69 980623 1738791
70 980648 1737583
71 980673 1737338
72 980756 1737053
73 980781 1735845
74 980813 1735318
75 980941 1734337
76 980946 1733580
77 981074 1732599
78 981131 1730864
79 981214 1730579
80 981264 1729126
81 981333 1728190
82 981404 1727106
83 981466 1726452
84 981537 1725368
85 981584 1724500
86 981606 1724432
87 981648 1723643
88 981666 1719191
89 981702 1716488
90 981832 1716210
91 981835 1714750
92 981892 1713015
93 981975 1712730
94 981991 1706380
95 982027 1703677
96 982160 1701939
97 982217 1700204
98 982300 1699919
99 982339 1689287
100 982375 1686584
101 982501 1683968
102 982565 1683111
103 982583 1678659
104 982619 1675956
105 982752 1674218
106 982809 1672483
107 982892 1672198
108 982908 1665848
109 982944 1663145
110 983077 1661407
111 983134 1659672
112 983217 1659387
113 983267 1657934
114 983350 1657649
115 983407 1655914
116 983535 1654933
117 983540 1654176
118 983668 1653195
119 983700 1652668
120 983725 1651460
121 983808 1651175
122 983833 1650930
123 983858 1649722
124 983890 1649195
125 983973 1648910
126 983998 1647702
127 984023 1647457
128 984106 1647172
129 984131 1645964
130 984163 1645437
131 984291 1644456
132 984296 1643699
133 984424 1642718
134 984481 1640983
135 984564 1640698
136 984614 1639245
137 984697 1638960
138 984754 1637225
139 984887 1635487
140 985057 1635474
141 985082 1634266
142 985114 1633739
143 985242 1632758
144 985247 1632001
145 985375 1631020
146 985432 1629285
147 985515 1629000
148 985565 1627547
149 985648 1627262
150 985705 1625527
151 985838 1623789
152 986166 1622135
153 986367 1621726
154 986695 1620072
155 987170 1619823
156 987646 1619548
157 987661 1619517
158 987694 1619070
159 987701 1618291
160 987788 1618074
161 987794 1617779
162 987827 1617332
163 987834 1616553
164 988021 1616031
165 988137 1615405
166 988149 1615050
167 988154 1614293
168 988282 1613312
169 988322 1612689
170 988339 1611577
171 988422 1611292
172 988455 1610951
173 988472 1609839
174 988555 1609554
175 988595 1608931
176 988612 1607819
177 988728 1607193
178 988745 1606081
179 989056 1605539
180 989073 1604427
181 989274 1604018
182 989490 1603941
183 989585 1603476
184 989602 1602364
185 989832 1601819
186 990010 1601611
187 990124 1601506
188 990160 1600165
189 990338 1599957
190 990361 1599756
191 990539 1599548
192 990653 1599443
193 990689 1598102
194 990867 1597894
195 991044 1597697
196 991069 1597191
197 991172 1596716
198 991229 1594981
199 991312 1594696
200 991362 1593243
201 991445 1592958
202 991502 1591223
203 991635 1589485
204 991963 1587831
205 992164 1587422
206 992340 1586761
207 992397 1586233
208 992492 1585768
209 992703 1585452
210 992739 1584111
211 992917 1583903
212 993031 1583798
213 993067 1582457
214 993245 1582249
215 993268 1582048
216 993446 1581840
217 993560 1581735
218 993596 1580394
219 993774 1580186
220 994071 1580145
221 994249 1579937
222 994364 1579196
223 994455 1579084
224 994565 1578787
225 994875 1578216
226 994893 1577133
227 995260 1577060
228 995293 1576719
229 995310 1575607
230 995393 1575322
231 995433 1574699
232 995450 1573587
233 995566 1572961
234 995583 1571849
235 995894 1571307
236 995911 1570195
237 996112 1569786
238 996328 1569709
239 996423 1569244
240 996440 1568132
241 996670 1567587
242 996848 1567379
243 996962 1567274
244 996998 1565933
245 997176 1565725
246 997199 1565524
247 997377 1565316
248 997491 1565211
249 997527 1563870
250 997705 1563662
251 997882 1563465
252 997907 1562959
253 998010 1562484
254 998067 1560749
255 998150 1560464
256 998200 1559011
257 998283 1558726
258 998340 1556991
259 998473 1555253
260 998801 1553599
261 999002 1553190
262 999178 1552529
263 999235 1552001
264 999330 1551536
265 999541 1551220
266 999577 1549879
267 999755 1549671
268 999869 1549566
269 999905 1548225
270 1000083 1548017
271 1000106 1547816
272 1000284 1547608
273 1000398 1547503
274 1000434 1546162
275 1000612 1545954
276 1000909 1545913
277 1001087 1545705
278 1001202 1544964
279 1001293 1544852
280 1001403 1544555
281 1001731 1542901
282 1002206 1542652
283 1002463 1541981
284 1002641 1541773
285 1002765 1541346
286 1002943 1541138
287 1003231 1540783
288 1003322 1540671
289 1003432 1540374
290 1003533 1540148
291 1003624 1540036
292 1003734 1539739
293 1003760 1538720
294 1004062 1538085
295 1004537 1537836
296 1004794 1537165
297 1004972 1536957
298 1005261 1536478
299 1005417 1535979
300 1005562 1535967
301 1005627 1535134
302 1005677 1534919
303 1005790 1534415
304 1005990 1534205
305 1006091 1533904
306 1006206 1532856
307 1006318 1532551
308 1006519 1532142
309 1006585 1531862
310 1006785 1531618
311 1006847 1530488
312 1006913 1530208
313 1007114 1529799
314 1007334 1529671
315 1007442 1528145
316 1007662 1528017
317 1007917 1527896
318 1008137 1527768
319 1008169 1526839
320 1008280 1526113
321 1008302 1525101
322 1008358 1524910
323 1008469 1524184
324 1008491 1523172
325 1008701 1522327
326 1008819 1521518
327 1009020 1521109
328 1009029 1520673
329 1009192 1519954
330 1009348 1519455
331 1009558 1518610
332 1009608 1518395
333 1009721 1517891
334 1009921 1517681
335 1010119 1517436
336 1010137 1516332
337 1010249 1516027
338 1010450 1515618
339 1010516 1515338
340 1010682 1513059
341 1010815 1511321
342 1011035 1511193
343 1011054 1510143
344 1011076 1509131
345 1011187 1508405
346 1011209 1507393
347 1011265 1507202
348 1011376 1506476
349 1011398 1505464
350 1011608 1504619
351 1011726 1503810
352 1011927 1503401
353 1011936 1502965
354 1012099 1502246
355 1012255 1501747
356 1012465 1500902
357 1012515 1500687
358 1012628 1500183
359 1012828 1499973
360 1013026 1499728
361 1013044 1498624
362 1013156 1498319
363 1013357 1497910
364 1013410 1497473
365 1013606 1497198
366 1013620 1496628
367 1013685 1496256
368 1013738 1495819
369 1013806 1495680
370 1013810 1494714
371 1013828 1494668
372 1013832 1493702
373 1013846 1492011
374 1013868 1490999
375 1013979 1490273
376 1014001 1489261
377 1014211 1488416
378 1014329 1487607
379 1014530 1487198
380 1014539 1486762
381 1014689 1486260
382 1014702 1486043
383 1014858 1485544
384 1014899 1485415
385 1015062 1484696
386 1015118 1484484
387 1015218 1484197
388 1015231 1483980
389 1015428 1483352
390 1015478 1483137
391 1015569 1482329
392 1015592 1482148
393 1015680 1481603
394 1015702 1480591
395 1015725 1480410
396 1015912 1479746
397 1015935 1479565
398 1016030 1478937
399 1016053 1478756
400 1016231 1478528
401 1016240 1478092
402 1016263 1477911
403 1016403 1477373
404 1016426 1477192
405 1016559 1476874
406 1016582 1476693
407 1016739 1475994
408 1016753 1474303
409 1016775 1473291
410 1016886 1472565
411 1016908 1471553
412 1017118 1470708
413 1017236 1469899
414 1017437 1469490
415 1017446 1469054
416 1017596 1468552
417 1017609 1468335
418 1017765 1467836
419 1017806 1467707
420 1017969 1466988
421 1018025 1466776
422 1018125 1466489
423 1018138 1466272
424 1018335 1465644
425 1018385 1465429
426 1018476 1464621
427 1018499 1464440
428 1018587 1463895
429 1018609 1462883
430 1018632 1462702
431 1018819 1462038
432 1018842 1461857
433 1018937 1461229
434 1018960 1461048
435 1019138 1460820
436 1019147 1460384
437 1019170 1460203
438 1019310 1459665
439 1019333 1459484
440 1019466 1459166
441 1019489 1458985
442 1019676 1458321
443 1019699 1458140
444 1019726 1458106
445 1019749 1457925
446 1019839 1457602
447 1019862 1457421
448 1020039 1457392
449 1020062 1457211
450 1020237 1457147
451 1020255 1456043
452 1020278 1455862
453 1020367 1455738
454 1020390 1455557
455 1020568 1455329
456 1020591 1455148
457 1020634 1455049
458 1020657 1454868
459 1020834 1454805
460 1020857 1454624
461 1020896 1453675
462 1020919 1453494
463 1020962 1453395
464 1020985 1453214
465 1021163 1452986
466 1021186 1452805
467 1021377 1452530
468 1021491 1451332
469 1021514 1451151
470 1021734 1451023
471 1021900 1450464
472 1021956 1450252
473 1022056 1449965
474 1022069 1449748
475 1022266 1449120
476 1022316 1448905
477 1022407 1448097
478 1022430 1447916
479 1022518 1447371
480 1022540 1446359
481 1022563 1446178
482 1022750 1445514
483 1022773 1445333
484 1022868 1444705
485 1022891 1444524
486 1023069 1444296
487 1023078 1443860
488 1023101 1443679
489 1023241 1443141
490 1023264 1442960
491 1023397 1442642
492 1023420 1442461
493 1023591 1440071
494 1023613 1439059
495 1023724 1438333
496 1023746 1437321
497 1023956 1436476
498 1024074 1435667
499 1024275 1435258
500 1024284 1434822
501 1024434 1434320
502 1024447 1434103
503 1024603 1433604
504 1024644 1433475
505 1024807 1432756
506 1024863 1432544
507 1024963 1432257
508 1024976 1432040
509 1025173 1431412
510 1025223 1431197
511 1025314 1430389
512 1025337 1430208
513 1025425 1429663
514 1025447 1428651
515 1025470 1428470
516 1025657 1427806
517 1025680 1427625
518 1025775 1426997
519 1025798 1426816
520 1025976 1426588
521 1025985 1426152
522 1026008 1425971
523 1026148 1425433
524 1026171 1425252
525 1026304 1424934
526 1026327 1424753
527 1026514 1424089
528 1026537 1423908
529 1026564 1423874
530 1026587 1423693
531 1026677 1423370
532 1026700 1423189
533 1026877 1423160
534 1026900 1422979
535 1027075 1422915
536 1027093 1421811
537 1027116 1421630
538 1027205 1421506
539 1027228 1421325
540 1027406 1421097
541 1027429 1420916
542 1027472 1420817
543 1027495 1420636
544 1027672 1420573
545 1027695 1420392
546 1027734 1419443
547 1027757 1419262
548 1027800 1419163
549 1027823 1418982
550 1028001 1418754
551 1028024 1418573
552 1028244 1418445
553 1028329 1417100
554 1028352 1416919
555 1028572 1416791
556 1028827 1416670
557 1029047 1416542
558 1029524 1416455
559 1029556 1415735
560 1029579 1415554
561 1029763 1415262
562 1029786 1415081
563 1029829 1414982
564 1029852 1414801
565 1030030 1414573
566 1030053 1414392
567 1030273 1414264
568 1030358 1412919
569 1030381 1412738
570 1030601 1412610
571 1031585 1411554
572 1031608 1411373
573 1031828 1411245
574 1032000 1411210
575 1032023 1411029
576 1032243 1410901
577 1033227 1409845
578 1033250 1409664
579 1033470 1409536
580 1034281 1409380
581 1034304 1409199
582 1034524 1409071
583 1035508 1408015
584 1035531 1407834
585 1035751 1407706
586 1035923 1407671
587 1035946 1407490
588 1036166 1407362
589 1036237 1406891
590 1036268 1406277
591 1036318 1405693
592 1036379 1405551
593 1036401 1404539
594 1036498 1402183
595 1036524 1399216
596 1036534 1398969
597 1036560 1396002
598 1036606 1395808
599 1036693 1394264
600 1036739 1394070
601 1037021 1392610
602 1037067 1392416
603 1037194 1391889
604 1037522 1390235
605 1037723 1389826
606 1038051 1388172
607 1038652 1387683
608 1039034 1387066
609 1039057 1386885
610 1039244 1386221
611 1039267 1386040
612 1039362 1385412
613 1039385 1385231
614 1039563 1385003
615 1039572 1384567
616 1039595 1384386
617 1039735 1383848
618 1039758 1383667
619 1039891 1383349
620 1039914 1383168
621 1040101 1382504
622 1040124 1382323
623 1040151 1382289
624 1040174 1382108
625 1040264 1381785
626 1040287 1381604
627 1040298 1380898
628 1040431 1379160
629 1040759 1377506
630 1040960 1377097
631 1041203 1376860
632 1041288 1375443
633 1041531 1375206
634 1041732 1374797
635 1041837 1373888
636 1042060 1373143
637 1042535 1372894
638 1043232 1372679
639 1043251 1370046
640 1043384 1368308
641 1043510 1367595
642 1043546 1364381
643 1043679 1362643
644 1043903 1361817
645 1044007 1360989
646 1044036 1360079
647 1044314 1359648
648 1044364 1358425
649 1044433 1358376
650 1044565 1358016
651 1044566 1356638
652 1044844 1356207
653 1044894 1354984
654 1044971 1354566
655 1045007 1351352
656 1045131 1348011
657 1045167 1344797
658 1045300 1343059
659 1045426 1342346
660 1045462 1339132
661 1045595 1337394
662 1045819 1336568
663 1045923 1335740
664 1045952 1334830
665 1046280 1333176
666 1046349 1333127
667 1046481 1332767
668 1046482 1331389
669 1046809 1331113
670 1046810 1329735
671 1047011 1329326
672 1047254 1329089
673 1047285 1328527
674 1047339 1327672
675 1047409 1325186
676 1047445 1321972
677 1047578 1320234
678 1047906 1318580
679 1048107 1318171
680 1048266 1317233
681 1048435 1316517
682 1048678 1316280
683 1048795 1315170
684 1048984 1314962
685 1049038 1314933
686 1049146 1313302
687 1049169 1313121
688 1049279 1311564
689 1049302 1311383
690 1049607 1309910
691 1049630 1309729
692 1049808 1309501
693 1049831 1309320
694 1050051 1309264
695 1050074 1309083
696 1050136 1307847
697 1050159 1307666
698 1050379 1307610
699 1050402 1307429
700 1050580 1307201
701 1050603 1307020
702 1050685 1306292
703 1050708 1306111
704 1050908 1305547
705 1050931 1305366
706 1051383 1305298
707 1051406 1305117
708 1052080 1305083
709 1052103 1304902
710 1052165 1303666
711 1052188 1303485
712 1052408 1303429
713 1052431 1303248
714 1052609 1303020
715 1052632 1302839
716 1052714 1302111
717 1052737 1301930
718 1052937 1301366
719 1052960 1301185
720 1054274 1301130
721 1054356 1300402
722 1054379 1300221
723 1054579 1299657
724 1054602 1299476
725 1056555 1299300
726 1056637 1298572
727 1056660 1298391
728 1056860 1297827
729 1056883 1297646
730 1058197 1297591
731 1058279 1296863
732 1058302 1296682
733 1058502 1296118
734 1058525 1295937
735 1058987 1295924
736 1060301 1295869
737 1060606 1294396
738 1060629 1294215
739 1062582 1294039
740 1062887 1292566
741 1062910 1292385
742 1064224 1292330
743 1064529 1290857
744 1064552 1290676
745 1070293 1290597
746 1070389 1289876
747 1070412 1289695
748 1070455 1289456
749 1070478 1289275
750 1070957 1289246
751 1070980 1289065
752 1071654 1289031
753 1071677 1288850
754 1071705 1288734
755 1071797 1288699
756 1071820 1288518
757 1071848 1288402
758 1071889 1287758
759 1071912 1287577
760 1071940 1287461
761 1071982 1287377
762 1072005 1287196
763 1072033 1287080
764 1072183 1286968
765 1072206 1286787
766 1072326 1286636
767 1072349 1286455
768 1072418 1285695
769 1072441 1285514
770 1072511 1285314
771 1072534 1285133
772 1073848 1285078
773 1073968 1284927
774 1073991 1284746
775 1074060 1283986
776 1074083 1283805
777 1074153 1283605
778 1074176 1283424
779 1076129 1283248
780 1076249 1283097
781 1076272 1282916
782 1076341 1282156
783 1076364 1281975
784 1076434 1281775
785 1076457 1281594
786 1077771 1281539
787 1077891 1281388
788 1077914 1281207
789 1077983 1280447
790 1078006 1280266
791 1078076 1280066
792 1078099 1279885
793 1098416 1278850
794 1098439 1278669
795 1098613 1278633
796 1098636 1278452
797 1098996 1278197
798 1099000 1277073
799 1099023 1276892
800 1100278 1276743
801 1100638 1276488
802 1100642 1275364
803 1100665 1275183
804 1102362 1275130
805 1102536 1275094
806 1102559 1274913
807 1102919 1274658
808 1102923 1273534
809 1102946 1273353
810 1104201 1273204
811 1104561 1272949
812 1104565 1271825
813 1104588 1271644
0 571255 1089696
1 571265 1088674
2 571297 1088338
3 571350 1088303
4 571397 1087400
5 571407 1086378
6 571439 1086042
7 571492 1086007
8 571526 1085961
9 571579 1085926
10 571997 1061245
11 572007 1060223
12 572039 1059887
13 572092 1059852
14 572139 1058949
15 572149 1057927
16 572181 1057591
17 572234 1057556
18 572268 1057510
19 572321 1057475
20 572959 1054351
21 572964 947751
22 572974 946729
23 572977 945404
24 572987 944382
25 573019 944046
26 574108 943776
27 574111 942451
28 574121 941429
29 574147 940482
30 574179 940146
31 574285 939591
32 574317 939255
33 575271 938551
34 575281 937529
35 575313 937193
36 575435 936713
37 575445 935691
38 575477 935355
39 576924 930693
40 576934 929671
41 576937 928346
42 576947 927324
43 576979 926988
44 577310 926155
45 577321 925998
46 577331 924682
47 577341 923660
48 577373 923324
49 580819 923282
50 580830 923125
51 580840 921809
52 580850 920787
53 580882 920451
54 581429 920348
55 581953 920275
56 582284 919442
57 582295 919285
58 582305 917969
59 582315 916947
60 582347 916611
61 583693 898484
62 583703 897462
63 583706 896137
64 583716 895115
65 583748 894779
66 584191 894663
67 584223 894327
68 584405 894210
69 584437 893874
70 584688 893818
71 584870 893701
72 584902 893365
73 585191 893213
74 585212 893091
75 585222 892069
76 585254 891733
77 585436 891616
78 585468 891280
79 585575 890571
80 585585 889549
81 585606 889427
82 585616 888405
83 585648 888069
84 585830 887952
85 585862 887616
86 589094 886676
87 589115 886554
88 589125 885532
89 589157 885196
90 589339 885079
91 589371 884743
92 589918 884640
93 589985 870992
94 589995 869970
95 589998 868645
96 590008 867623
97 590029 867501
98 590031 866756
99 590034 865431
100 590044 864409
101 590065 864287
102 590075 863265
103 590289 862812
104 591735 862149
105 591756 862027
106 591766 861005
107 591815 860402
108 591991 859860
109 592023 859524
110 592205 859407
111 592237 859071
112 594047 858938
113 594096 858335
114 594310 857882
115 594517 857438
116 594566 856835
117 594780 856382
118 595263 856099
119 596293 856095
120 596366 807732
121 596376 806710
122 596379 805385
123 596382 790348
124 596392 789326
125 596395 788001
126 596405 786979
127 596426 786857
128 596436 785835
129 596468 785499
130 596650 785382
131 596682 785046
132 598096 784719
133 598117 784597
134 598127 783575
135 598159 783239
136 598176 782972
137 598208 782636
138 598390 782519
139 598422 782183
140 600191 782173
141 600738 782070
142 601369 781288
143 601379 780266
144 601400 780144
145 601410 779122
146 601442 778786
147 601624 778669
148 601656 778333
149 603070 778006
150 603091 777884
151 603101 776862
152 603133 776526
153 603150 776259
154 603182 775923
155 603364 775806
156 603396 775470
157 641686 774483
158 641707 774361
159 641717 773339
160 641749 773003
161 641931 772886
162 641963 772550
0 354681 631941
1 358409 623907
2 361480 621783
3 363042 621626
4 365208 613749
5 366770 613592
6 369343 613474
7 410811 612402
8 411010 604224
9 411877 600003
10 413420 599581
11 413619 591403
12 414486 587182
13 420418 581245
14 421285 577024
15 422847 576867
16 425420 576749
0 976374 1887272
1 976446 1876137
2 976482 1873434
3 976608 1870818
4 976672 1869961
5 976690 1865509
6 976726 1862806
7 976859 1861068
8 976916 1859333
9 976999 1859048
10 977015 1852698
11 977051 1849995
12 977184 1848257
13 977188 1847686
14 977224 1844983
15 977350 1842367
16 977414 1841510
17 977432 1837058
18 977468 1834355
19 977601 1832617
20 977658 1830882
21 977741 1830597
22 977757 1824247
23 977793 1821544
24 977926 1819806
25 977983 1818071
26 978066 1817786
27 978108 1816997
28 978116 1816333
29 978199 1816048
30 978234 1814381
31 978247 1807619
32 978283 1804916
33 978409 1802300
34 978473 1801443
35 978491 1796991
36 978527 1794288
37 978660 1792550
38 978717 1790815
39 978800 1790530
40 978816 1784180
41 978852 1781477
42 978985 1779739
43 978989 1779168
44 979025 1776465
45 979151 1773849
46 979215 1772992
47 979233 1768540
48 979269 1765837
49 979402 1764099
50 979459 1762364
51 979542 1762079
52 979558 1755729
53 979594 1753026
54 979727 1751288
55 979784 1749553
56 979867 1749268
57 979917 1747815
58 980000 1747530
59 980057 1745795
60 980185 1744814
61 980190 1744057
62 980318 1743076
63 980350 1742549
64 980375 1741341
65 980458 1741056
66 980483 1740811
67 980508 1739603
68 980540 1739076
69 980623 1738791
70 980648 1737583
71 980673 1737338
72 980756 1737053
73 980781 1735845
74 980813 1735318
75 980941 1734337
76 980946 1733580
77 981074 1732599
78 981131 1730864
79 981214 1730579
80 981264 1729126
81 981333 1728190
82 981404 1727106
83 981466 1726452
84 981537 1725368
85 981584 1724500
86 981606 1724432
87 981648 1723643
88 981666 1719191
89 981702 1716488
90 981832 1716210
91 981835 1714750
92 981892 1713015
93 981975 1712730
94 981991 1706380
95 982027 1703677
96 982160 1701939
97 982217 1700204
98 982300 1699919
99 982339 1689287
100 982375 1686584
101 982501 1683968
102 982565 1683111
103 982583 1678659
104 982619 1675956
105 982752 1674218
106 982809 1672483
107 982892 1672198
108 982908 1665848
109 982944 1663145
110 983077 1661407
111 983134 1659672
112 983217 1659387
113 983267 1657934
114 983350 1657649
115 983407 1655914
116 983535 1654933
117 983540 1654176
118 983668 1653195
119 983700 1652668
120 983725 1651460
121 983808 1651175
122 983833 1650930
123 983858 1649722
124 983890 1649195
125 983973 1648910
126 983998 1647702
127 984023 1647457
128 984106 1647172
129 984131 1645964
130 984163 1645437
131 984291 1644456
132 984296 1643699
133 984424 1642718
134 984481 1640983
135 984564 1640698
136 984614 1639245
137 984697 1638960
138 984754 1637225
139 984887 1635487
140 985057 1635474
141 985082 1634266
142 985114 1633739
143 985242 1632758
144 985247 1632001
145 985375 1631020
146 985432 1629285
147 985515 1629000
148 985565 1627547
149 985648 1627262
150 985705 1625527
151 985838 1623789
152 986166 1622135
153 986367 1621726
154 986695 1620072
155 987170 1619823
156 987646 1619548
157 987661 1619517
158 987694 1619070
159 987701 1618291
160 987788 1618074
161 987794 1617779
162 987827 1617332
163 987834 1616553
164 988021 1616031
165 988137 1615405
166 988149 1615050
167 988154 1614293
168 988282 1613312
169 988322 1612689
170 988339 1611577
171 988422 1611292
172 988455 1610951
173 988472 1609839
174 988555 1609554
175 988595 1608931
176 988612 1607819
177 988728 1607193
178 988745 1606081
179 989056 1605539
180 989073 1604427
181 989274 1604018
182 989490 1603941
183 989585 1603476
184 989602 1602364
185 989832 1601819
186 990010 1601611
187 990124 1601506
188 990160 1600165
189 990338 1599957
190 990361 1599756
191 990539 1599548
192 990653 1599443
193 990689 1598102
194 990867 1597894
195 991044 1597697
196 991069 1597191
197 991172 1596716
198 991229 1594981
199 991312 1594696
200 991362 1593243
201 991445 1592958
202 991502 1591223
203 991635 1589485
204 991963 1587831
205 992164 1587422
206 992340 1586761
207 992397 1586233
208 992492 1585768
209 992703 1585452
210 992739 1584111
211 992917 1583903
212 993031 1583798
213 993067 1582457
214 993245 1582249
215 993268 1582048
216 993446 1581840
217 993560 1581735
218 993596 1580394
219 993774 1580186
220 994071 1580145
221 994249 1579937
222 994364 1579196
223 994455 1579084
224 994565 1578787
225 994875 1578216
226 994893 1577133
227 995260 1577060
228 995293 1576719
229 995310 1575607
230 995393 1575322
231 995433 1574699
232 995450 1573587
233 995566 1572961
234 995583 1571849
235 995894 1571307
236 995911 1570195
237 996112 1569786
238 996328 1569709
239 996423 1569244
240 996440 1568132
241 996670 1567587
242 996848 1567379
243 996962 1567274
244 996998 1565933
245 997176 1565725
246 997199 1565524
247 997377 1565316
248 997491 1565211
249 997527 1563870
250 997705 1563662
251 997882 1563465
252 997907 1562959
253 998010 1562484
254 998067 1560749
255 998150 1560464
256 998200 1559011
257 998283 1558726
258 998340 1556991
259 998473 1555253
260 998801 1553599
261 999002 1553190
262 999178 1552529
263 999235 1552001
264 999330 1551536
265 999541 1551220
266 999577 1549879
267 999755 1549671
268 999869 1549566
269 999905 1548225
270 1000083 1548017
271 1000106 1547816
272 1000284 1547608
273 1000398 1547503
274 1000434 1546162
275 1000612 1545954
276 1000909 1545913
277 1001087 1545705
278 1001202 1544964
279 1001293 1544852
280 1001403 1544555
281 1001731 1542901
282 1002206 1542652
283 1002463 1541981
284 1002641 1541773
285 1002765 1541346
286 1002943 1541138
287 1003231 1540783
288 1003322 1540671
289 1003432 1540374
290 1003533 1540148
291 1003624 1540036
292 1003734 1539739
293 1003760 1538720
294 1004062 1538085
295 1004537 1537836
296 1004794 1537165
297 1004972 1536957
298 1005261 1536478
299 1005417 1535979
300 1005562 1535967
301 1005627 1535134
302 1005677 1534919
303 1005790 1534415
304 1005990 1534205
305 1006091 1533904
306 1006206 1532856
307 1006318 1532551
308 1006519 1532142
309 1006585 1531862
310 1006785 1531618
311 1006847 1530488
312 1006913 1530208
313 1007114 1529799
314 1007334 1529671
315 1007442 1528145
316 1007662 1528017
317 1007917 1527896
318 1008137 1527768
319 1008169 1526839
320 1008280 1526113
321 1008302 1525101
322 1008358 1524910
323 1008469 1524184
324 1008491 1523172
325 1008701 1522327
326 1008819 1521518
327 1009020 1521109
328 1009029 1520673
329 1009192 1519954
330 1009348 1519455
331 1009558 1518610
332 1009608 1518395
333 1009721 1517891
334 1009921 1517681
335 1010119 1517436
336 1010137 1516332
337 1010249 1516027
338 1010450 1515618
339 1010516 1515338
340 1010682 1513059
341 1010815 1511321
342 1011035 1511193
343 1011054 1510143
344 1011076 1509131
345 1011187 1508405
346 1011209 1507393
347 1011265 1507202
348 1011376 1506476
349 1011398 1505464
350 1011608 1504619
351 1011726 1503810
352 1011927 1503401
353 1011936 1502965
354 1012099 1502246
355 1012255 1501747
356 1012465 1500902
357 1012515 1500687
358 1012628 1500183
359 1012828 1499973
360 1013026 1499728
361 1013044 1498624
362 1013156 1498319
363 1013357 1497910
364 1013410 1497473
365 1013606 1497198
366 1013620 1496628
367 1013685 1496256
368 1013738 1495819
369 1013806 1495680
370 1013810 1494714
371 1013828 1494668
372 1013832 1493702
373 1013846 1492011
374 1013868 1490999
375 1013979 1490273
376 1014001 1489261
377 1014211 1488416
378 1014329 1487607
379 1014530 1487198
380 1014539 1486762
381 1014689 1486260
382 1014702 1486043
383 1014858 1485544
384 1014899 1485415
385 1015062 1484696
386 1015118 1484484
387 1015218 1484197
388 1015231 1483980
389 1015428 1483352
390 1015478 1483137
391 1015569 1482329
392 1015592 1482148
393 1015680 1481603
394 1015702 1480591
395 1015725 1480410
396 1015912 1479746
397 1015935 1479565
398 1016030 1478937
399 1016053 1478756
400 1016231 1478528
401 1016240 1478092
402 1016263 1477911
403 1016403 1477373
404 1016426 1477192
405 1016559 1476874
406 1016582 1476693
407 1016739 1475994
408 1016753 1474303
409 1016775 1473291
410 1016886 1472565
411 1016908 1471553
412 1017118 1470708
413 1017236 1469899
414 1017437 1469490
415 1017446 1469054
416 1017596 1468552
417 1017609 1468335
418 1017765 1467836
419 1017806 1467707
420 1017969 1466988
421 1018025 1466776
422 1018125 1466489
423 1018138 1466272
424 1018335 1465644
425 1018385 1465429
426 1018476 1464621
427 1018499 1464440
428 1018587 1463895
429 1018609 1462883
430 1018632 1462702
431 1018819 1462038
432 1018842 1461857
433 1018937 1461229
434 1018960 1461048
435 1019138 1460820
436 1019147 1460384
437 1019170 1460203
438 1019310 1459665
439 1019333 1459484
440 1019466 1459166
441 1019489 1458985
442 1019676 1458321
443 1019699 1458140
444 1019726 1458106
445 1019749 1457925
446 1019839 1457602
447 1019862 1457421
448 1020039 1457392
449 1020062 1457211
450 1020237 1457147
451 1020255 1456043
452 1020278 1455862
453 1020367 1455738
454 1020390 1455557
455 1020568 1455329
456 1020591 1455148
457 1020634 1455049
458 1020657 1454868
459 1020834 1454805
460 1020857 1454624
461 1020896 1453675
462 1020919 1453494
463 1020962 1453395
464 1020985 1453214
465 1021163 1452986
466 1021186 1452805
467 1021377 1452530
468 1021491 1451332
469 1021514 1451151
470 1021734 1451023
471 1021900 1450464
472 1021956 1450252
473 1022056 1449965
474 1022069 1449748
475 1022266 1449120
476 1022316 1448905
477 1022407 1448097
478 1022430 1447916
479 1022518 1447371
480 1022540 1446359
481 1022563 1446178
482 1022750 1445514
483 1022773 1445333
484 1022868 1444705
485 1022891 1444524
486 1023069 1444296
487 1023078 1443860
488 1023101 1443679
489 1023241 1443141
490 1023264 1442960
491 1023397 1442642
492 1023420 1442461
493 1023591 1440071
494 1023613 1439059
495 1023724 1438333
496 1023746 1437321
497 1023956 1436476
498 1024074 1435667
499 1024275 1435258
500 1024284 1434822
501 1024434 1434320
502 1024447 1434103
503 1024603 1433604
504 1024644 1433475
505 1024807 1432756
506 1024863 1432544
507 1024963 1432257
508 1024976 1432040
509 1025173 1431412
510 1025223 1431197
511 1025314 1430389
512 1025337 1430208
513 1025425 1429663
514 1025447 1428651
515 1025470 1428470
516 1025657 1427806
517 1025680 1427625
518 1025775 1426997
519 1025798 1426816
520 1025976 1426588
521 1025985 1426152
522 1026008 1425971
523 1026148 1425433
524 1026171 1425252
525 1026304 1424934
526 1026327 1424753
527 1026514 1424089
528 1026537 1423908
529 1026564 1423874
530 1026587 1423693
531 1026677 1423370
532 1026700 1423189
533 1026877 1423160
534 1026900 1422979
535 1027075 1422915
536 1027093 1421811
537 1027116 1421630
538 1027205 1421506
539 1027228 1421325
540 1027406 1421097
541 1027429 1420916
542 1027472 1420817
543 1027495 1420636
544 1027672 1420573
545 1027695 1420392
546 1027734 1419443
547 1027757 1419262
548 1027800 1419163
549 1027823 1418982
550 1028001 1418754
551 1028024 1418573
552 1028244 1418445
553 1028329 1417100
554 1028352 1416919
555 1028572 1416791
556 1028827 1416670
557 1029047 1416542
558 1029524 1416455
559 1029556 1415735
560 1029579 1415554
561 1029763 1415262
562 1029786 1415081
563 1029829 1414982
564 1029852 1414801
565 1030030 1414573
566 1030053 1414392
567 1030273 1414264
568 1030358 1412919
569 1030381 1412738
570 1030601 1412610
571 1031585 1411554
572 1031608 1411373
573 1031828 1411245
574 1032000 1411210
575 1032023 1411029
576 1032243 1410901
577 1033227 1409845
578 1033250 1409664
579 1033470 1409536
580 1034281 1409380
581 1034304 1409199
582 1034524 1409071
583 1035508 1408015
584 1035531 1407834
585 1035751 1407706
586 1035923 1407671
587 1035946 1407490
588 1036166 1407362
589 1036237 1406891
590 1036268 1406277
591 1036318 1405693
592 1036379 1405551
593 1036401 1404539
594 1036498 1402183
595 1036524 1399216
596 1036534 1398969
597 1036560 1396002
598 1036606 1395808
599 1036693 1394264
600 1036739 1394070
601 1037021 1392610
602 1037067 1392416
603 1037194 1391889
604 1037522 1390235
605 1037723 1389826
606 1038051 1388172
607 1038652 1387683
608 1039034 1387066
609 1039057 1386885
610 1039244 1386221
611 1039267 1386040
612 1039362 1385412
613 1039385 1385231
614 1039563 1385003
615 1039572 1384567
616 1039595 1384386
617 1039735 1383848
618 1039758 1383667
619 1039891 1383349
620 1039914 1383168
621 1040101 1382504
622 1040124 1382323
623 1040151 1382289
624 1040174 1382108
625 1040264 1381785
626 1040287 1381604
627 1040298 1380898
628 1040431 1379160
629 1040759 1377506
630 1040960 1377097
631 1041203 1376860
632 1041288 1375443
633 1041531 1375206
634 1041732 1374797
635 1041837 1373888
636 1042060 1373143
637 1042535 1372894
638 1043232 1372679
639 1043251 1370046
640 1043384 1368308
641 1043510 1367595
642 1043546 1364381
643 1043679 1362643
644 1043903 1361817
645 1044007 1360989
646 1044036 1360079
647 1044314 1359648
648 1044364 1358425
649 1044433 1358376
650 1044565 1358016
651 1044566 1356638
652 1044844 1356207
653 1044894 1354984
654 1044971 1354566
655 1045007 1351352
656 1045131 1348011
657 1045167 1344797
658 1045300 1343059
659 1045426 1342346
660 1045462 1339132
661 1045595 1337394
662 1045819 1336568
663 1045923 1335740
664 1045952 1334830
665 1046280 1333176
666 1046349 1333127
667 1046481 1332767
668 1046482 1331389
669 1046809 1331113
670 1046810 1329735
671 1047011 1329326
672 1047254 1329089
673 1047285 1328527
674 1047339 1327672
675 1047409 1325186
676 1047445 1321972
677 1047578 1320234
678 1047906 1318580
679 1048107 1318171
680 1048266 1317233
681 1048435 1316517
682 1048678 1316280
683 1048795 1315170
684 1048984 1314962
685 1049038 1314933
686 1049146 1313302
687 1049169 1313121
688 1049279 1311564
689 1049302 1311383
690 1049607 1309910
691 1049630 1309729
692 1049808 1309501
693 1049831 1309320
694 1050051 1309264
695 1050074 1309083
696 1050136 1307847
697 1050159 1307666
698 1050379 1307610
699 1050402 1307429
700 1050580 1307201
701 1050603 1307020
702 1050685 1306292
703 1050708 1306111
704 1050908 1305547
705 1050931 1305366
706 1051383 1305298
707 1051406 1305117
708 1052080 1305083
709 1052103 1304902
710 1052165 1303666
711 1052188 1303485
712 1052408 1303429
713 1052431 1303248
714 1052609 1303020
715 1052632 1302839
716 1052714 1302111
717 1052737 1301930
718 1052937 1301366
719 1052960 1301185
720 1054274 1301130
721 1054356 1300402
722 1054379 1300221
723 1054579 1299657
724 1054602 1299476
725 1056555 1299300
726 1056637 1298572
727 1056660 1298391
728 1056860 1297827
729 1056883 1297646
730 1058197 1297591
731 1058279 1296863
732 1058302 1296682
733 1058502 1296118
734 1058525 1295937
735 1058987 1295924
736 1060301 1295869
737 1060606 1294396
738 1060629 1294215
739 1062582 1294039
740 1062887 1292566
741 1062910 1292385
742 1064224 1292330
743 1064529 1290857
744 1064552 1290676
745 1070293 1290597
746 1070389 1289876
747 1070412 1289695
748 1070455 1289456
749 1070478 1289275
750 1070957 1289246
751 1070980 1289065
752 1071654 1289031
753 1071677 1288850
754 1071705 1288734
755 1071797 1288699
756 1071820 1288518
757 1071848 1288402
758 1071889 1287758
759 1071912 1287577
760 1071940 1287461
761 1071982 1287377
762 1072005 1287196
763 1072033 1287080
764 1072183 1286968
765 1072206 1286787
766 1072326 1286636
767 1072349 1286455
768 1072418 1285695
769 1072441 1285514
770 1072511 1285314
771 1072534 1285133
772 1073848 1285078
773 1073968 1284927
774 1073991 1284746
775 1074060 1283986
776 1074083 1283805
777 1074153 1283605
778 1074176 1283424
779 1076129 1283248
780 1076249 1283097
781 1076272 1282916
782 1076341 1282156
783 1076364 1281975
784 1076434 1281775
785 1076457 1281594
786 1077771 1281539
787 1077891 1281388
788 1077914 1281207
789 1077983 1280447
790 1078006 1280266
791 1078076 1280066
792 1078099 1279885
793 1098416 1278850
794 1098439 1278669
795 1098613 1278633
796 1098636 1278452
797 1098996 1278197
798 1099000 1277073
799 1099023 1276892
800 1100278 1276743
801 1100638 1276488
802 1100642 1275364
803 1100665 1275183
804 1102362 1275130
805 1102536 1275094
806 1102559 1274913
807 1102919 1274658
808 1102923 1273534
809 1102946 1273353
810 1104201 1273204
811 1104561 1272949
812 1104565 1271825
813 1104588 1271644
0 571255 1089696
1 571265 1088674
2 571297 1088338
3 571350 1088303
4 571397 1087400
5 571407 1086378
6 571439 1086042
7 571492 1086007
8 571526 1085961
9 571579 1085926
10 571997 1061245
11 572007 1060223
12 572039 1059887
13 572092 1059852
14 572139 1058949
15 572149 1057927
16 572181 1057591
17 572234 1057556
18 572268 1057510
19 572321 1057475
20 572959 1054351
21 572964 947751
22 572974 946729
23 572977 945404
24 572987 944382
25 573019 944046
26 574108 943776
27 574111 942451
28 574121 941429
29 574147 940482
30 574179 940146
31 574285 939591
32 574317 939255
33 575271 938551
34 575281 937529
35 575313 937193
36 575435 936713
37 575445 935691
38 575477 935355
39 576924 930693
40 576934 929671
41 576937 928346
42 576947 927324
43 576979 926988
44 577310 926155
45 577321 925998
46 577331 924682
47 577341 923660
48 577373 923324
49 580819 923282
50 580830 923125
51 580840 921809
52 580850 920787
53 580882 920451
54 581429 920348
55 581953 920275
56 582284 919442
57 582295 919285
58 582305 917969
59 582315 916947
60 582347 916611
61 583693 898484
62 583703 897462
63 583706 896137
64 583716 895115
65 583748 894779
66 584191 894663
67 584223 894327
68 584405 894210
69 584437 893874
70 584688 893818
71 584870 893701
72 584902 893365
73 585191 893213
74 585212 893091
75 585222 892069
76 585254 891733
77 585436 891616
78 585468 891280
79 585575 890571
80 585585 889549
81 585606 889427
82 585616 888405
83 585648 888069
84 585830 887952
85 585862 887616
86 589094 886676
87 589115 886554
88 589125 885532
89 589157 885196
90 589339 885079
91 589371 884743
92 589918 884640
93 589985 870992
94 589995 869970
95 589998 868645
96 590008 867623
97 590029 867501
98 590031 866756
99 590034 865431
100 590044 864409
101 590065 864287
102 590075 863265
103 590289 862812
104 591735 862149
105 591756 862027
106 591766 861005
107 591815 860402
108 591991 859860
109 592023 859524
110 592205 859407
111 592237 859071
112 594047 858938
113 594096 858335
114 594310 857882
115 594517 857438
116 594566 856835
117 594780 856382
118 595263 856099
119 596293 856095
120 596366 807732
121 596376 806710
122 596379 805385
123 596382 790348
124 596392 789326
125 596395 788001
126 596405 786979
127 596426 786857
128 596436 785835
129 596468 785499
130 596650 785382
131 596682 785046
132 598096 784719
133 598117 784597
134 598127 783575
135 598159 783239
136 598176 782972
137 598208 782636
138 598390 782519
139 598422 782183
140 600191 782173
141 600738 782070
142 601369 781288
143 601379 780266
144 601400 780144
145 601410 779122
146 601442 778786
147 601624 778669
148 601656 778333
149 603070 778006
150 603091 777884
151 603101 776862
152 603133 776526
153 603150 776259
154 603182 775923
155 603364 775806
156 603396 775470
157 641686 774483
158 641707 774361
159 641717 773339
160 641749 773003
161 641931 772886
162 641963 772550
0 354681 631941
1 358409 623907
2 361480 621783
3 363042 621626
4 365208 613749
5 366770 613592
6 369343 613474
7 410811 612402
8 411010 604224
9 411877 600003
10 413420 599581
11 413619 591403
12 414486 587182
13 420418 581245
14 421285 577024
15 422847 576867
16 425420 576749
